[gd_scene load_steps=27 format=2]

[ext_resource path="res://Models/Humans/Trinity.escn" type="PackedScene" id=1]
[ext_resource path="res://Scenes/Actors/Items/Beretta.tscn" type="PackedScene" id=2]
[ext_resource path="res://Scenes/Actors/Items/ColtCommando.tscn" type="PackedScene" id=3]
[ext_resource path="res://Scenes/Actors/Items/DesertEagle.tscn" type="PackedScene" id=4]
[ext_resource path="res://Scenes/Actors/Items/Ingram.tscn" type="PackedScene" id=5]
[ext_resource path="res://Scenes/Actors/Items/Jackhammer.tscn" type="PackedScene" id=6]
[ext_resource path="res://Scenes/Actors/Items/M79.tscn" type="PackedScene" id=7]
[ext_resource path="res://Scenes/Actors/Items/MP5.tscn" type="PackedScene" id=8]
[ext_resource path="res://Scenes/Actors/Items/PumpShotgun.tscn" type="PackedScene" id=9]
[ext_resource path="res://Scenes/Actors/Items/SawedoffShotgun.tscn" type="PackedScene" id=10]
[ext_resource path="res://Scenes/Actors/Items/Sniper.tscn" type="PackedScene" id=11]
[ext_resource path="res://Animations/Human/ShootColt.tres" type="Animation" id=12]
[ext_resource path="res://Animations/Human/ShootDesertEagle.tres" type="Animation" id=13]
[ext_resource path="res://Animations/Human/ShootIngram.tres" type="Animation" id=14]
[ext_resource path="res://Animations/Human/ShootJackhammer.tres" type="Animation" id=15]
[ext_resource path="res://Animations/Human/ShootMP5.tres" type="Animation" id=16]
[ext_resource path="res://Animations/Human/ShootPumpShotgun.tres" type="Animation" id=17]
[ext_resource path="res://Animations/Human/ShootSawedShotgun.tres" type="Animation" id=18]
[ext_resource path="res://Animations/Human/ShootSniper.tres" type="Animation" id=19]
[ext_resource path="res://Animations/Human/shoot_coltcommando.tres" type="Animation" id=20]

[sub_resource type="AnimationNodeAnimation" id=1]
animation = "Stand"
__meta__ = {

}

[sub_resource type="AnimationNodeAnimation" id=2]
animation = "Run"
__meta__ = {

}

[sub_resource type="AnimationNodeAnimation" id=3]
animation = "Walk"
__meta__ = {

}

[sub_resource type="AnimationNodeAnimation" id=4]
animation = "StrafeRight"
__meta__ = {

}

[sub_resource type="AnimationNodeAnimation" id=5]
animation = "StrafeLeft"
__meta__ = {

}

[sub_resource type="AnimationNodeBlendSpace2D" id=6]
auto_triangles = false
blend_point_0/node = SubResource( 1 )
blend_point_0/pos = Vector2( 0, 0 )
blend_point_1/node = SubResource( 2 )
blend_point_1/pos = Vector2( 0, 1 )
blend_point_2/node = SubResource( 3 )
blend_point_2/pos = Vector2( 0, 0.5 )
blend_point_3/node = SubResource( 4 )
blend_point_3/pos = Vector2( 0.4, 0 )
blend_point_4/node = SubResource( 5 )
blend_point_4/pos = Vector2( -0.4, 0 )
triangles = PoolIntArray( 0, 2, 3, 1, 2, 3, 0, 2, 4, 1, 2, 4 )
__meta__ = {

}

[node name="AnimTest" type="KinematicBody"]
transform = Transform( 1, 0, 0, 0, 1, 0, 0, 0, 1, -8.33534e-08, 1.17943e-07, -2.75671e-07 )
__meta__ = {

}

[node name="Model" parent="." instance=ExtResource( 1 )]

[node name="neo_reference_skeleton" parent="Model" index="0"]
transform = Transform( -1, 1.32005e-14, 8.74228e-08, 2.11758e-21, 1, -1.50996e-07, 8.74228e-08, 1.50996e-07, 1, 0, 0, 0 )

[node name="BoneAttachment" type="BoneAttachment" parent="Model/neo_reference_skeleton" index="1"]
transform = Transform( 0.948324, 0.317305, 1.16347e-06, 0.317305, -0.948324, 4.98343e-07, 1.26147e-06, -1.03416e-07, -1, 0.487098, 0.828674, 0.0189739 )
bone_name = "Gun"
__meta__ = {

}

[node name="Beretta" parent="Model/neo_reference_skeleton/BoneAttachment" instance=ExtResource( 2 )]
transform = Transform( 0.995721, -0.0914473, 0.0132716, -0.014466, -0.0124059, 0.999818, -0.0912661, -0.995731, -0.0136759, 0.00988671, -0.022818, 0.0215178 )

[node name="ColtCommando" parent="Model/neo_reference_skeleton/BoneAttachment" instance=ExtResource( 3 )]
transform = Transform( 0.99757, 0.0684788, 0.0128557, -0.0133609, 0.00692052, 0.999886, 0.0683821, -0.997628, 0.00781846, -0.0510388, -0.0117496, -0.000418305 )
visible = false

[node name="DesertEagle" parent="Model/neo_reference_skeleton/BoneAttachment" instance=ExtResource( 4 )]
transform = Transform( 0.999858, 0.00847453, 0.0145552, -0.0145556, 8.98819e-06, 0.999895, 0.00847373, -0.999964, 0.000132772, -7.75009e-05, -0.00444692, 0.00555587 )
visible = false

[node name="Ingram" parent="Model/neo_reference_skeleton/BoneAttachment" instance=ExtResource( 5 )]
transform = Transform( 0.995621, -0.0923885, 0.0142942, -0.0143271, 0.000304142, 0.999899, -0.0923832, -0.995723, -0.00102042, -0.0159863, 0.00621378, 0.0378718 )
visible = false

[node name="Jackhammer" parent="Model/neo_reference_skeleton/BoneAttachment" instance=ExtResource( 6 )]
transform = Transform( 0.980444, -0.140225, 0.138076, -0.134875, 0.0321162, 0.990342, -0.143305, -0.989598, 0.0125755, -0.0454581, -0.0218313, 0.0376763 )
visible = false

[node name="M79" parent="Model/neo_reference_skeleton/BoneAttachment" instance=ExtResource( 7 )]
transform = Transform( 0.999887, 0.0113544, -0.00985805, 0.00985797, 0.000112351, 0.999952, 0.0113556, -0.999935, 6.27711e-07, 0.000452742, -0.0388898, -0.0537509 )
visible = false

[node name="MP5" parent="Model/neo_reference_skeleton/BoneAttachment" instance=ExtResource( 8 )]
transform = Transform( 0.999793, -0.0201553, 0.00252092, -0.00251836, 0.000128504, 0.999996, -0.0201551, -0.999797, 7.77167e-05, 0.000176981, 0.019284, -0.00473142 )
visible = false

[node name="PumpShotgun" parent="Model/neo_reference_skeleton/BoneAttachment" instance=ExtResource( 9 )]
transform = Transform( 0.998257, 0.0590009, -0.000345156, 0.000341179, 8.13585e-05, 1, 0.0590015, -0.998257, 6.12261e-05, 0.000440001, 0.00774671, -0.00781965 )
visible = false

[node name="SawedoffShotgun" parent="Model/neo_reference_skeleton/BoneAttachment" instance=ExtResource( 10 )]
transform = Transform( 0.999873, -0.0143629, -0.00695815, 0.00695851, 1.35833e-05, 0.999976, -0.0143629, -0.999897, 0.0001137, -0.00044997, -0.0393684, -0.0285348 )
visible = false

[node name="Sniper" parent="Model/neo_reference_skeleton/BoneAttachment" instance=ExtResource( 11 )]
transform = Transform( 0.999539, -0.0259195, -0.0158152, 0.0158216, 2.51718e-05, 0.999875, -0.0259153, -0.999664, 0.000435773, -0.000452671, -0.0259263, -0.0154109 )
visible = false

[node name="AnimationTree" type="AnimationTree" parent="."]
tree_root = SubResource( 6 )
anim_player = NodePath("AnimationPlayer")
parameters/blend_position = Vector2( 0.000858426, 0.495601 )
__meta__ = {

}

[node name="AnimationPlayer" type="AnimationPlayer" parent="AnimationTree"]
root_node = NodePath("../../Model/neo_reference_skeleton")
anims/ShootColt = ExtResource( 12 )
anims/ShootDesertEagle = ExtResource( 13 )
anims/ShootIngram = ExtResource( 14 )
anims/ShootJackhammer = ExtResource( 15 )
anims/ShootMP5 = ExtResource( 16 )
anims/ShootPumpShotgun = ExtResource( 17 )
anims/ShootSawedShotgun = ExtResource( 18 )
anims/ShootSniper = ExtResource( 19 )
anims/shoot_coltcommando = ExtResource( 20 )
__meta__ = {

}

[node name="Camera" type="Camera" parent="."]
transform = Transform( 1, 0, 0, 0, 1, 0, 0, 0, 1, 0, 0.696552, 3.1245 )
__meta__ = {

}

[editable path="Model"]
