[gd_scene load_steps=23 format=2]

[ext_resource path="res://Models/Humans/Trinity/Trinity.escn" type="PackedScene" id=1]
[ext_resource path="res://Animations/Human/Action/Kick/rspinkickA.tres" type="Animation" id=2]
[ext_resource path="res://Animations/Human/Action/Kick/rspinkick.tres" type="Animation" id=3]
[ext_resource path="res://Animations/Human/Action/Kick/jumpspinkickup_new.tres" type="Animation" id=4]
[ext_resource path="res://Scenes/Actors/Items/Punch.tscn" type="PackedScene" id=5]
[ext_resource path="res://Scenes/Actors/Items/Kick.tscn" type="PackedScene" id=6]
[ext_resource path="res://Scenes/Actors/Items/Sword.tscn" type="PackedScene" id=9]
[ext_resource path="res://Scenes/Actors/Items/SwordHit.tscn" type="PackedScene" id=10]
[ext_resource path="res://Models/Humans/Anderson/Anderson.escn" type="PackedScene" id=12]
[ext_resource path="res://Scenes/Components/Properties/Stance.property.tscn" type="PackedScene" id=14]
[ext_resource path="res://Scenes/Components/Properties/Stamina.property.tscn" type="PackedScene" id=27]
[ext_resource path="res://Animations/Human/Action/Kick/leftjumpspinkick.tres" type="Animation" id=28]
[ext_resource path="res://Scenes/Actors/Items/Beretta.tscn" type="PackedScene" id=45]
[ext_resource path="res://Scenes/Actors/Items/DesertEagle.tscn" type="PackedScene" id=46]
[ext_resource path="res://Scenes/Actors/Items/Ingram.tscn" type="PackedScene" id=48]
[ext_resource path="res://Scenes/Actors/Items/SawedoffShotgun.tscn" type="PackedScene" id=74]

[sub_resource type="AnimationNodeAnimation" id=1]
animation = "Stand"

[sub_resource type="AnimationNodeAnimation" id=2]
animation = "Run"

[sub_resource type="AnimationNodeAnimation" id=3]
animation = "Walk"

[sub_resource type="AnimationNodeAnimation" id=4]
animation = "StrafeRight"

[sub_resource type="AnimationNodeAnimation" id=5]
animation = "StrafeLeft"

[sub_resource type="AnimationNodeBlendSpace2D" id=6]
auto_triangles = false
blend_point_0/node = SubResource( 1 )
blend_point_0/pos = Vector2( 0, 0 )
blend_point_1/node = SubResource( 2 )
blend_point_1/pos = Vector2( 0, 1 )
blend_point_2/node = SubResource( 3 )
blend_point_2/pos = Vector2( 0, 0.5 )
blend_point_3/node = SubResource( 4 )
blend_point_3/pos = Vector2( 0.4, 0 )
blend_point_4/node = SubResource( 5 )
blend_point_4/pos = Vector2( -0.4, 0 )
triangles = PoolIntArray( 0, 2, 3, 1, 2, 3, 0, 2, 4, 1, 2, 4 )

[node name="AnimTest" type="KinematicBody"]
transform = Transform( 1, 0, 0, 0, 1, 0, 0, 0, 1, 0, 0, 0.5 )

[node name="Model" parent="." instance=ExtResource( 1 )]
visible = false

[node name="Model2" parent="." instance=ExtResource( 12 )]

[node name="Anderson_skeleton" parent="Model2" index="0"]
transform = Transform( -1, 1.32005e-14, 8.74228e-08, 2.11758e-21, 1, -1.50996e-07, 8.74228e-08, 1.50996e-07, 1, 0, 0, 0 )
bones/16/bound_children = [ NodePath("BoneAttachment") ]
bones/19/bound_children = [ NodePath("BoneAttachment2") ]

[node name="BoneAttachment" type="BoneAttachment" parent="Model2/Anderson_skeleton" index="1"]
transform = Transform( 0.881544, -0.229335, 0.412657, 0.452603, 0.161933, -0.876886, 0.134277, 0.959783, 0.246548, 0.336095, 1.09074, 0.282815 )
bone_name = "Gun"

[node name="Beretta" parent="Model2/Anderson_skeleton/BoneAttachment" instance=ExtResource( 45 )]
transform = Transform( 1, 0, 0, 0, -4.37114e-08, 1, 0, -1, -4.37114e-08, -0.008, 0.005, 0.026 )
visible = false

[node name="SawedoffShotgun" parent="Model2/Anderson_skeleton/BoneAttachment" instance=ExtResource( 74 )]
transform = Transform( 0.98729, 0.157525, 0.0211143, -0.0235019, 0.013309, 0.999636, 0.157186, -0.987427, 0.0168419, -0.0229437, 0.0228328, 0.015305 )
visible = false

[node name="BoneAttachment2" type="BoneAttachment" parent="Model2/Anderson_skeleton" index="2"]
transform = Transform( 0.744921, 0.519866, -0.41813, -0.103713, -0.528881, -0.842336, -0.659043, 0.670838, -0.340058, -0.122891, 0.869122, 0.443598 )
bone_name = "Hand-L"

[node name="Sword" parent="Model2/Anderson_skeleton/BoneAttachment2" instance=ExtResource( 9 )]
transform = Transform( 0.914222, 0.387863, 0.117308, 0.124658, -0.544658, 0.829341, 0.385564, -0.743579, -0.546289, -0.0737061, 0.178538, 0.142844 )
visible = false

[node name="Beretta" parent="Model2/Anderson_skeleton/BoneAttachment2" instance=ExtResource( 45 )]
transform = Transform( 1, -1.74623e-09, -3.72529e-09, -1.49012e-08, -3.91155e-08, 1, 6.28643e-09, -1, -4.28408e-08, 0.00706324, 0.036149, -0.000168443 )
visible = false

[node name="Beretta2" parent="Model2/Anderson_skeleton/BoneAttachment2" instance=ExtResource( 45 )]
transform = Transform( 1, -1.74623e-09, -3.72529e-09, -1.49012e-08, -3.91155e-08, 1, 6.28643e-09, -1, -4.28408e-08, 0.00706324, 0.036149, -0.000168443 )
visible = false

[node name="DesertEagle" parent="Model2/Anderson_skeleton/BoneAttachment2" instance=ExtResource( 46 )]
transform = Transform( 1, 5.47152e-09, 0, 0, -4.09782e-08, 1, -3.0268e-09, -1, -4.65661e-08, 0.00401282, 0.0611321, 0.000698447 )
visible = false

[node name="Ingram" parent="Model2/Anderson_skeleton/BoneAttachment2" instance=ExtResource( 48 )]
transform = Transform( 1, -3.84606e-14, 0, 0, -4.37149e-08, 1, -2.57832e-14, -1, -4.37149e-08, -0.020767, 0.0631709, 0.0192859 )
visible = false
tags = "Item Firearm Ingram AutoFire Stackable AutoAim DualWield Rank:20 UseAction:FireProjectile FireRate:9.0 Offset-position:neo_reference_skeleton:Gun:-0.015986,0.006214,0.037872 Offset-rotation:neo_reference_skeleton:Gun:-89.179077,94.08503,-88.78389"

[node name="SawedoffShotgun" parent="Model2/Anderson_skeleton/BoneAttachment2" instance=ExtResource( 74 )]
transform = Transform( 0.998883, 0.000673684, -0.0472363, 0.0472322, 0.00520584, 0.99887, 0.000918819, -0.999986, 0.00516819, 0.0210868, 0.0579958, -0.00133801 )
visible = false

[node name="Punch" parent="." instance=ExtResource( 5 )]
transform = Transform( 1, 0, 0, 0, 1, 0, 0, 0, 1, -0.012105, 1.42503, 1.16488 )
visible = false

[node name="Kick" parent="." instance=ExtResource( 6 )]
transform = Transform( 1, 0, 0, 0, 1, 0, 0, 0, 1, -0.00420141, 1.43704, 1.29838 )
visible = false

[node name="SwordHit" parent="." instance=ExtResource( 10 )]
transform = Transform( 1, 0, 0, 0, 1, 0, 0, 0, 1, 0, 1.0303, 0.394467 )
visible = false

[node name="AnimationTree" type="AnimationTree" parent="."]
tree_root = SubResource( 6 )
root_motion_track = NodePath("../..")
parameters/blend_position = Vector2( 0.00282753, 0.0225563 )

[node name="AnimationPlayer" type="AnimationPlayer" parent="AnimationTree"]
root_node = NodePath("../../Model2/Anderson_skeleton")
anims/jumpspinkickup_new = ExtResource( 4 )
anims/leftjumpspinkick = ExtResource( 28 )
anims/rspinkick = ExtResource( 3 )
anims/rspinkickA = ExtResource( 2 )

[node name="RootMotionView" type="RootMotionView" parent="."]
animation_path = NodePath("../AnimationTree")

[node name="Stance" parent="." instance=ExtResource( 14 )]

[node name="Stamina" parent="." instance=ExtResource( 27 )]

[node name="CameraRig" type="Spatial" parent="."]
transform = Transform( -1, 0, 8.74228e-08, 0, 1, 0, -8.74228e-08, 0, -1, 0, 1.7, 0 )

[node name="Camera" type="Camera" parent="CameraRig"]

[editable path="Model"]
[editable path="Model2"]
