[gd_scene load_steps=30 format=2]

[ext_resource path="res://Models/Humans/Trinity.escn" type="PackedScene" id=1]
[ext_resource path="res://Scenes/Actors/Items/Beretta.tscn" type="PackedScene" id=2]
[ext_resource path="res://Scenes/Actors/Items/Colt.tscn" type="PackedScene" id=3]
[ext_resource path="res://Scenes/Actors/Items/DesertEagle.tscn" type="PackedScene" id=4]
[ext_resource path="res://Scenes/Actors/Items/Ingram.tscn" type="PackedScene" id=5]
[ext_resource path="res://Scenes/Actors/Items/Jackhammer.tscn" type="PackedScene" id=6]
[ext_resource path="res://Scenes/Actors/Items/M79.tscn" type="PackedScene" id=7]
[ext_resource path="res://Scenes/Actors/Items/MP5.tscn" type="PackedScene" id=8]
[ext_resource path="res://Scenes/Actors/Items/PumpShotgun.tscn" type="PackedScene" id=9]
[ext_resource path="res://Scenes/Actors/Items/SawedoffShotgun.tscn" type="PackedScene" id=10]
[ext_resource path="res://Scenes/Actors/Items/Sniper.tscn" type="PackedScene" id=11]
[ext_resource path="res://Models/Humans/Anderson.escn" type="PackedScene" id=12]
[ext_resource path="res://Scenes/Actors/Items/BulletPunch.tscn" type="PackedScene" id=13]
[ext_resource path="res://Animations/Human/Action/Jump/HOPBACK.tres" type="Animation" id=14]
[ext_resource path="res://Animations/Human/Action/Jump/Jump.Exit.tres" type="Animation" id=15]
[ext_resource path="res://Animations/Human/Action/Jump/JumpLong.tres" type="Animation" id=16]
[ext_resource path="res://Animations/Human/Action/Jump/JumpUp.tres" type="Animation" id=17]
[ext_resource path="res://Animations/Human/Action/Shoot/PumpShotgun/ShootPumpShotgun.tres" type="Animation" id=18]
[ext_resource path="res://Animations/Human/Action/Jump/jumpForward.tres" type="Animation" id=19]
[ext_resource path="res://Animations/Human/Action/Jump/jumpForwardLeft.tres" type="Animation" id=20]
[ext_resource path="res://Animations/Human/Action/Jump/jumpForwardRight.tres" type="Animation" id=21]
[ext_resource path="res://Animations/Human/Action/Jump/sidestepleft.tres" type="Animation" id=22]
[ext_resource path="res://Animations/Human/Action/Jump/sidestepright.tres" type="Animation" id=23]

[sub_resource type="AnimationNodeAnimation" id=1]
animation = "Stand"
__meta__ = {

}

[sub_resource type="AnimationNodeAnimation" id=2]
animation = "Run"
__meta__ = {

}

[sub_resource type="AnimationNodeAnimation" id=3]
animation = "Walk"
__meta__ = {

}

[sub_resource type="AnimationNodeAnimation" id=4]
animation = "StrafeRight"
__meta__ = {

}

[sub_resource type="AnimationNodeAnimation" id=5]
animation = "StrafeLeft"
__meta__ = {

}

[sub_resource type="AnimationNodeBlendSpace2D" id=6]
auto_triangles = false
blend_point_0/node = SubResource( 1 )
blend_point_0/pos = Vector2( 0, 0 )
blend_point_1/node = SubResource( 2 )
blend_point_1/pos = Vector2( 0, 1 )
blend_point_2/node = SubResource( 3 )
blend_point_2/pos = Vector2( 0, 0.5 )
blend_point_3/node = SubResource( 4 )
blend_point_3/pos = Vector2( 0.4, 0 )
blend_point_4/node = SubResource( 5 )
blend_point_4/pos = Vector2( -0.4, 0 )
triangles = PoolIntArray( 0, 2, 3, 1, 2, 3, 0, 2, 4, 1, 2, 4 )
__meta__ = {

}

[node name="AnimTest" type="KinematicBody"]
transform = Transform( 1, 0, 0, 0, 1, 0, 0, 0, 1, 0.157895, 0, 0 )
__meta__ = {

}

[node name="Model" parent="." instance=ExtResource( 1 )]
editor/display_folded = true
visible = false

[node name="neo_reference_skeleton" parent="Model" index="0"]
transform = Transform( -1, 1.32005e-14, 8.74228e-08, 3.38813e-21, 1, -1.50996e-07, 8.74228e-08, 1.50996e-07, 1, 0, 0, 0 )

[node name="BoneAttachment" type="BoneAttachment" parent="Model/neo_reference_skeleton" index="1"]
transform = Transform( 0.948324, 0.317305, 1.16347e-06, 0.317305, -0.948324, 4.98343e-07, 1.26147e-06, -1.03416e-07, -1, 0.487098, 0.828674, 0.0189739 )
bone_name = "Gun"
__meta__ = {

}

[node name="Beretta" parent="Model/neo_reference_skeleton/BoneAttachment" instance=ExtResource( 2 )]
transform = Transform( 0.995721, -0.0914473, 0.0132716, -0.014466, -0.0124059, 0.999818, -0.0912661, -0.995731, -0.0136759, 0.00988671, -0.022818, 0.0215178 )
visible = false

[node name="Beretta2" parent="Model/neo_reference_skeleton/BoneAttachment" instance=ExtResource( 2 )]
transform = Transform( 1, 0, 0, 0, 0.0190578, 0.999818, 0, -0.999817, 0.0190579, 0.00988671, -0.022818, 0.0215178 )
visible = false

[node name="ColtCommando" parent="Model/neo_reference_skeleton/BoneAttachment" instance=ExtResource( 3 )]
transform = Transform( 0.99757, 0.0684788, 0.0128557, -0.0133609, 0.00692052, 0.999886, 0.0683821, -0.997628, 0.00781846, -0.0510388, -0.0117496, -0.000418305 )
visible = false

[node name="DesertEagle" parent="Model/neo_reference_skeleton/BoneAttachment" instance=ExtResource( 4 )]
transform = Transform( 0.999858, 0.00847453, 0.0145552, -0.0145556, 8.98819e-06, 0.999895, 0.00847373, -0.999964, 0.000132772, -7.75009e-05, -0.00444692, 0.00555587 )
visible = false

[node name="Ingram" parent="Model/neo_reference_skeleton/BoneAttachment" instance=ExtResource( 5 )]
transform = Transform( 0.995621, -0.0923885, 0.0142942, -0.0143271, 0.000304142, 0.999899, -0.0923832, -0.995723, -0.00102042, -0.0159863, 0.00621378, 0.0378718 )
visible = false

[node name="Jackhammer" parent="Model/neo_reference_skeleton/BoneAttachment" instance=ExtResource( 6 )]
transform = Transform( 0.980444, -0.140225, 0.138076, -0.134875, 0.0321162, 0.990342, -0.143305, -0.989598, 0.0125755, -0.0454581, -0.0218313, 0.0376763 )
visible = false

[node name="M79" parent="Model/neo_reference_skeleton/BoneAttachment" instance=ExtResource( 7 )]
transform = Transform( 0.999887, 0.0113544, -0.00985805, 0.00985797, 0.000112351, 0.999952, 0.0113556, -0.999935, 6.27711e-07, 0.000452742, -0.0388898, -0.0537509 )
visible = false

[node name="MP5" parent="Model/neo_reference_skeleton/BoneAttachment" instance=ExtResource( 8 )]
transform = Transform( 0.999793, -0.0201553, 0.00252092, -0.00251836, 0.000128504, 0.999996, -0.0201551, -0.999797, 7.77167e-05, 0.000176981, 0.019284, -0.00473142 )
visible = false

[node name="PumpShotgun" parent="Model/neo_reference_skeleton/BoneAttachment" instance=ExtResource( 9 )]
transform = Transform( 0.998257, 0.0590009, -0.000345156, 0.000341179, 8.13585e-05, 1, 0.0590015, -0.998257, 6.12261e-05, 0.000440001, 0.00774671, -0.00781965 )
visible = false

[node name="SawedoffShotgun" parent="Model/neo_reference_skeleton/BoneAttachment" instance=ExtResource( 10 )]
transform = Transform( 0.999873, -0.0143629, -0.00695815, 0.00695851, 1.35833e-05, 0.999976, -0.0143629, -0.999897, 0.0001137, -0.00044997, -0.0393684, -0.0285348 )
visible = false

[node name="Sniper" parent="Model/neo_reference_skeleton/BoneAttachment" instance=ExtResource( 11 )]
transform = Transform( 0.999539, -0.0259195, -0.0158152, 0.0158216, 2.51718e-05, 0.999875, -0.0259153, -0.999664, 0.000435773, -0.000452671, -0.0259263, -0.0154109 )
visible = false

[node name="Model2" parent="." instance=ExtResource( 12 )]

[node name="neo_reference_skeleton" parent="Model2" index="0"]
transform = Transform( -1, 1.32005e-14, 8.74228e-08, 2.11758e-21, 1, -1.50996e-07, 8.74228e-08, 1.50996e-07, 1, 0, 0, 0 )

[node name="BoneAttachment2" type="BoneAttachment" parent="Model2/neo_reference_skeleton" index="1"]
transform = Transform( 0.559759, 0.822838, 0.0980193, 0.567131, -0.294164, -0.769305, -0.60418, 0.486215, -0.631318, 0.415004, 0.967199, -0.204037 )
bone_name = "Gun"
__meta__ = {

}

[node name="Beretta" parent="Model2/neo_reference_skeleton/BoneAttachment2" instance=ExtResource( 2 )]
transform = Transform( 0.999999, 0, 0, 0, -4.37113e-08, 0.999999, 0, -0.999998, -4.37113e-08, -0.00848666, 0.00501686, 0.0258089 )
visible = false

[node name="ColtCommando" parent="Model2/neo_reference_skeleton/BoneAttachment2" instance=ExtResource( 3 )]
transform = Transform( 0.99757, 0.0684788, 0.0128557, -0.0133609, 0.00692052, 0.999886, 0.0683821, -0.997628, 0.00781846, -0.0510388, -0.0117496, -0.000418305 )
visible = false

[node name="DesertEagle" parent="Model2/neo_reference_skeleton/BoneAttachment2" instance=ExtResource( 4 )]
transform = Transform( 0.999858, 0.00847453, 0.0145552, -0.0145556, 8.98819e-06, 0.999895, 0.00847373, -0.999964, 0.000132772, -7.75009e-05, -0.00444692, 0.00555587 )
visible = false

[node name="Ingram" parent="Model2/neo_reference_skeleton/BoneAttachment2" instance=ExtResource( 5 )]
transform = Transform( 0.995621, -0.0923885, 0.0142942, -0.0143271, 0.000304142, 0.999899, -0.0923832, -0.995723, -0.00102042, -0.0159863, 0.00621378, 0.0378718 )
visible = false

[node name="Jackhammer" parent="Model2/neo_reference_skeleton/BoneAttachment2" instance=ExtResource( 6 )]
transform = Transform( 0.980444, -0.140225, 0.138076, -0.134875, 0.0321162, 0.990342, -0.143305, -0.989598, 0.0125755, -0.0454581, -0.0218313, 0.0376763 )
visible = false

[node name="M79" parent="Model2/neo_reference_skeleton/BoneAttachment2" instance=ExtResource( 7 )]
transform = Transform( 0.999887, 0.0113544, -0.00985805, 0.00985797, 0.000112351, 0.999952, 0.0113556, -0.999935, 6.27711e-07, 0.000452742, -0.0388898, -0.0537509 )
visible = false

[node name="MP5" parent="Model2/neo_reference_skeleton/BoneAttachment2" instance=ExtResource( 8 )]
transform = Transform( 0.999793, -0.0201553, 0.00252092, -0.00251836, 0.000128504, 0.999996, -0.0201551, -0.999797, 7.77167e-05, 0.000176966, 0.019284, -0.00473142 )
visible = false

[node name="PumpShotgun" parent="Model2/neo_reference_skeleton/BoneAttachment2" instance=ExtResource( 9 )]
transform = Transform( 0.998257, 0.0590009, -0.000345156, 0.000341179, 8.13585e-05, 1, 0.0590015, -0.998257, 6.12261e-05, 0.000440001, 0.00774671, -0.00781965 )
visible = false

[node name="SawedoffShotgun" parent="Model2/neo_reference_skeleton/BoneAttachment2" instance=ExtResource( 10 )]
transform = Transform( 0.999873, -0.0143629, -0.00695815, 0.00695851, 1.35833e-05, 0.999976, -0.0143629, -0.999897, 0.0001137, -0.00044997, -0.0393684, -0.0285348 )
visible = false

[node name="Sniper" parent="Model2/neo_reference_skeleton/BoneAttachment2" instance=ExtResource( 11 )]
transform = Transform( 0.999539, -0.0259195, -0.0158152, 0.0158216, 2.51718e-05, 0.999875, -0.0259153, -0.999664, 0.000435773, -0.000452671, -0.0259263, -0.0154109 )
visible = false

[node name="BulletPunch" parent="Model2/neo_reference_skeleton/BoneAttachment2" instance=ExtResource( 13 )]

[node name="AnimationTree" type="AnimationTree" parent="."]
tree_root = SubResource( 6 )
anim_player = NodePath("AnimationPlayer")
root_motion_track = NodePath("../..")
parameters/blend_position = Vector2( -0.00462532, 0.0520232 )
__meta__ = {

}

[node name="AnimationPlayer" type="AnimationPlayer" parent="AnimationTree"]
root_node = NodePath("../../Model2/neo_reference_skeleton")
anims/HOPBACK = ExtResource( 14 )
anims/Jump.Exit = ExtResource( 15 )
anims/JumpLong = ExtResource( 16 )
anims/JumpUp = ExtResource( 17 )
anims/ShootPumpShotgun = ExtResource( 18 )
anims/jumpForward = ExtResource( 19 )
anims/jumpForwardLeft = ExtResource( 20 )
anims/jumpForwardRight = ExtResource( 21 )
anims/sidestepleft = ExtResource( 22 )
anims/sidestepright = ExtResource( 23 )
__meta__ = {

}

[node name="Camera" type="Camera" parent="."]
transform = Transform( -1, 0, -8.74228e-08, 0, 1, 0, 8.74228e-08, 0, -1, 0, 1.68692, 0 )
__meta__ = {

}

[editable path="Model"]

[editable path="Model2"]
