[gd_scene load_steps=8 format=2]

[ext_resource path="res://Models/Humans/Anderson.escn" type="PackedScene" id=1]
[ext_resource path="res://Scenes/Actors/Humans/Hitbox.tscn" type="PackedScene" id=2]

[sub_resource type="BoxShape" id=1]
extents = Vector3( 0.185674, 0.140394, 0.111707 )
__meta__ = {

}

[sub_resource type="BoxShape" id=2]
extents = Vector3( 0.185674, 0.201435, 0.140653 )
__meta__ = {

}

[sub_resource type="BoxShape" id=3]
extents = Vector3( 0.177831, 0.0582971, 0.0953706 )
__meta__ = {

}

[sub_resource type="BoxShape" id=4]
extents = Vector3( 0.0652335, 0.0737853, 0.0460674 )
__meta__ = {

}

[sub_resource type="BoxShape" id=5]
extents = Vector3( 0.082711, 0.120587, 0.100162 )
__meta__ = {

}

[node name="Hitboxes" instance=ExtResource( 1 )]

[node name="Pelvis" type="BoneAttachment" parent="neo_reference_skeleton" index="1"]
__meta__ = {

}

[node name="Hitbox" parent="neo_reference_skeleton/Pelvis" index="0" instance=ExtResource( 2 )]
new_owner = NodePath(".")

[node name="Collision" type="CollisionShape" parent="neo_reference_skeleton/Pelvis/Hitbox" index="0"]
transform = Transform( 1, 1.60393e-20, 0, 1.60394e-20, 1, 0, 0, 0, 1, 0, 0.938887, 0 )
shape = SubResource( 1 )
__meta__ = {

}

[node name="Torso" type="BoneAttachment" parent="neo_reference_skeleton" index="2"]
transform = Transform( -1, -8.7423e-08, 3.2592e-07, 8.7423e-08, -1, 0, 3.2592e-07, 2.84928e-14, 1, 2.69928e-05, 1.07087, -0.0173241 )
bone_name = "Torso"
__meta__ = {

}

[node name="Hitbox" parent="neo_reference_skeleton/Torso" index="0" instance=ExtResource( 2 )]
new_owner = NodePath(".")

[node name="Collision" type="CollisionShape" parent="neo_reference_skeleton/Torso/Hitbox" index="5"]
transform = Transform( 1, 9.28637e-21, 0, 9.28641e-21, 1, 0, 0, 0, 1, 1.48068e-07, -0.212602, -0.0101683 )
shape = SubResource( 2 )
__meta__ = {

}

[node name="Shoulders" type="BoneAttachment" parent="neo_reference_skeleton" index="3"]
transform = Transform( -1, -8.7423e-08, 3.2592e-07, 8.7423e-08, -1, 0, 3.2592e-07, 2.84928e-14, 1, 2.70001e-05, 1.51253, 0.0051736 )
bone_name = "shoulders"
__meta__ = {

}

[node name="Hitbox" parent="neo_reference_skeleton/Shoulders" index="0" instance=ExtResource( 2 )]
new_owner = NodePath(".")

[node name="Collision" type="CollisionShape" parent="neo_reference_skeleton/Shoulders/Hitbox" index="5"]
transform = Transform( 1, 9.28637e-21, 0, 9.28641e-21, 1, 0, 0, 0, 1, 1.2232e-07, -0.0219386, -0.0380383 )
shape = SubResource( 3 )
__meta__ = {

}

[node name="Neck" type="BoneAttachment" parent="neo_reference_skeleton" index="4"]
transform = Transform( -1, -8.7423e-08, 3.2592e-07, 8.7423e-08, -1, 0, 3.2592e-07, 2.84928e-14, 1, 2.69915e-05, 1.58565, -0.0211924 )
bone_name = "Neck"
__meta__ = {

}

[node name="Hitbox" parent="neo_reference_skeleton/Neck" index="0" instance=ExtResource( 2 )]
new_owner = NodePath(".")

[node name="Collision" type="CollisionShape" parent="neo_reference_skeleton/Neck/Hitbox" index="5"]
transform = Transform( 1, 9.28637e-21, 0, 9.28641e-21, 1, 0, 0, 0, 1, 1.36424e-09, 0, 0.00418824 )
shape = SubResource( 4 )
__meta__ = {

}

[node name="Head" type="BoneAttachment" parent="neo_reference_skeleton" index="5"]
transform = Transform( -1, -8.7423e-08, 3.25153e-07, 8.7423e-08, -1, 6.70425e-17, 3.25153e-07, 2.84928e-14, 1, 6.7998e-05, 1.63115, -0.00127342 )
bone_name = "Head"
__meta__ = {

}

[node name="Hitbox" parent="neo_reference_skeleton/Head" index="0" instance=ExtResource( 2 )]
new_owner = NodePath(".")

[node name="Collision" type="CollisionShape" parent="neo_reference_skeleton/Head/Hitbox" index="5"]
transform = Transform( 1, 9.26452e-21, 0, 9.26456e-21, 1, 0, 0, 0, 1, 1.58398e-08, -0.123415, 0.0154985 )
shape = SubResource( 5 )
__meta__ = {

}

[node name="Physical Bone UpArm-R" type="BoneAttachment" parent="neo_reference_skeleton" index="6"]
transform = Transform( -0.948324, 0.317305, 3.2592e-07, -0.317305, -0.948324, 0, 3.09078e-07, -1.03416e-07, 1, 0.229288, 1.45689, -0.0256774 )
bone_name = "UpArm-R"
__meta__ = {

}

[node name="Physical Bone LoArm-R" type="BoneAttachment" parent="neo_reference_skeleton" index="7"]
transform = Transform( -0.948324, 0.317305, 3.2592e-07, -0.317305, -0.948324, -6.73825e-15, 3.09078e-07, -1.03416e-07, 1, 0.360486, 1.18607, -0.000182256 )
bone_name = "LoArm-R"
__meta__ = {

}

[node name="Physical Bone Hand-R" type="BoneAttachment" parent="neo_reference_skeleton" index="8"]
transform = Transform( -0.948324, 0.317305, -1.16347e-06, -0.317305, -0.948324, -4.98343e-07, -1.26147e-06, -1.03416e-07, 1, 0.470175, 0.893861, 0.0111459 )
bone_name = "Hand-R"
__meta__ = {

}

[node name="Physical Bone UpArm-L" type="BoneAttachment" parent="neo_reference_skeleton" index="9"]
transform = Transform( -0.951057, -0.309017, 3.2592e-07, 0.309017, -0.951057, 0, 3.09969e-07, 1.00715e-07, 1, -0.236329, 1.45689, -0.0256773 )
bone_name = "UpArm-L"
__meta__ = {

}

[node name="Physical Bone LoArm-L" type="BoneAttachment" parent="neo_reference_skeleton" index="10"]
transform = Transform( -0.951057, -0.309017, 3.2592e-07, 0.309017, -0.951057, 0, 3.09969e-07, 1.00715e-07, 1, -0.358719, 1.17294, -0.00249002 )
bone_name = "LoArm-L"
__meta__ = {

}

[node name="Physical Bone UpLeg-R" type="BoneAttachment" parent="neo_reference_skeleton" index="11"]
transform = Transform( -0.996195, 0.0871555, 3.2592e-07, -0.0871555, -0.996195, 0, 3.2468e-07, -2.84057e-08, 1, 0.11913, 0.897936, -0.00643604 )
bone_name = "UpLeg-R"
__meta__ = {

}

[node name="Physical Bone LoLeg-R" type="BoneAttachment" parent="neo_reference_skeleton" index="12"]
transform = Transform( -0.996195, 0.0871555, -6.5224e-08, -0.0871555, -0.996195, -3.42205e-08, -6.79581e-08, -2.84057e-08, 1, 0.129623, 0.506169, 0.0139172 )
bone_name = "LoLeg-R"
__meta__ = {

}

[node name="Physical Bone Foot-R" type="BoneAttachment" parent="neo_reference_skeleton" index="13"]
transform = Transform( -1, -4.47035e-08, -6.5224e-08, 4.47035e-08, -1, -3.42205e-08, -6.52238e-08, -3.42205e-08, 1, 0.164541, 0.0819716, -0.0193866 )
bone_name = "Foot-R"
__meta__ = {

}

[node name="Physical Bone UpLeg-L" type="BoneAttachment" parent="neo_reference_skeleton" index="14"]
transform = Transform( -0.996195, -0.0871554, -1.24463e-06, 0.0871554, -0.996195, 2.37147e-13, -1.23989e-06, -1.08476e-07, 1, -0.115171, 0.905627, -0.00779296 )
bone_name = "UpLeg-L"
__meta__ = {

}

[node name="Physical Bone LoLeg-L" type="BoneAttachment" parent="neo_reference_skeleton" index="15"]
transform = Transform( -0.996195, -0.0871554, -7.12018e-08, 0.0871554, -0.996195, -1.02661e-07, -6.198e-08, -1.08476e-07, 1, -0.130224, 0.506537, 0.0110523 )
bone_name = "LoLeg-L"
__meta__ = {

}

[node name="Physical Bone Foot-L" type="BoneAttachment" parent="neo_reference_skeleton" index="16"]
transform = Transform( -1, -1.41561e-07, 7.11085e-07, 1.41561e-07, -1, -1.71102e-07, 7.11088e-07, -1.71103e-07, 1, -0.165445, 0.0788864, -0.0228544 )
bone_name = "Foot-L"
__meta__ = {

}
