[gd_scene load_steps=21 format=3 uid="uid://c8sffohrvud6w"]

[ext_resource type="PackedScene" uid="uid://dlkwg7q7m0qsn" path="res://Models/Humans2/anderson.blend" id="1"]
[ext_resource type="PackedScene" path="res://Scenes/Actors/Humans/Hitbox.tscn" id="2"]
[ext_resource type="Script" path="res://Scripts/Actor.gd" id="3"]

[sub_resource type="BoxShape3D" id="1"]
size = Vector3(0.371348, 0.280788, 0.223414)

[sub_resource type="BoxShape3D" id="2"]
size = Vector3(0.371348, 0.40287, 0.281306)

[sub_resource type="BoxShape3D" id="17"]
size = Vector3(0.153533, 0.0962196, 0.313894)

[sub_resource type="BoxShape3D" id="16"]
size = Vector3(0.140166, 0.39768, 0.164968)

[sub_resource type="BoxShape3D" id="15"]
size = Vector3(0.170045, 0.568416, 0.18123)

[sub_resource type="BoxShape3D" id="14"]
size = Vector3(0.153533, 0.0962196, 0.313894)

[sub_resource type="BoxShape3D" id="13"]
size = Vector3(0.140166, 0.39768, 0.164968)

[sub_resource type="BoxShape3D" id="12"]
size = Vector3(0.170045, 0.568416, 0.18123)

[sub_resource type="BoxShape3D" id="11"]
size = Vector3(0.0957576, 0.144251, 0.092347)

[sub_resource type="BoxShape3D" id="10"]
size = Vector3(0.1058, 0.316318, 0.092347)

[sub_resource type="BoxShape3D" id="9"]
size = Vector3(0.135768, 0.409428, 0.162491)

[sub_resource type="BoxShape3D" id="8"]
size = Vector3(0.0957576, 0.144251, 0.092347)

[sub_resource type="BoxShape3D" id="7"]
size = Vector3(0.1058, 0.316318, 0.092347)

[sub_resource type="BoxShape3D" id="6"]
size = Vector3(0.135768, 0.409428, 0.162491)

[sub_resource type="BoxShape3D" id="5"]
size = Vector3(0.165422, 0.241174, 0.200324)

[sub_resource type="BoxShape3D" id="4"]
size = Vector3(0.130467, 0.147571, 0.0921348)

[sub_resource type="BoxShape3D" id="3"]
size = Vector3(0.355662, 0.116594, 0.190741)

[node name="Hitboxes" instance=ExtResource("1")]
transform = Transform3D(-1, 0, 0, 0, 1, -8.74228e-08, 0, 8.74228e-08, 1, 0, 0, 0)
script = ExtResource("3")

[node name="Pelvis" type="BoneAttachment3D" parent="Skeleton3D" index="1"]
transform = Transform3D(-1, -3.2592e-07, -1.50996e-07, 1.50996e-07, 0, -1, 3.2592e-07, -1, 0, 2.7e-05, 0.949737, 0.004803)
bone_name = "Pelvis"
bone_idx = 0

[node name="Hitbox" parent="Skeleton3D/Pelvis" index="0" instance=ExtResource("2")]
transform = Transform3D(-1, 1.50996e-07, 3.2592e-07, -3.2592e-07, 4.9738e-14, -1, -1.50996e-07, -1, 4.9738e-14, 2.6855e-05, 0.004803, 0.949737)
new_owner = NodePath(".")

[node name="Collision" type="CollisionShape3D" parent="Skeleton3D/Pelvis/Hitbox" index="4"]
transform = Transform3D(1, 0, 7.51023e-21, -1.15402e-21, 1, 0, -1.32005e-14, 0, 1, 0, 0, 0)
shape = SubResource("1")

[node name="Torso" type="BoneAttachment3D" parent="Skeleton3D" index="2"]
transform = Transform3D(-1, -3.2592e-07, -8.74228e-08, 8.74228e-08, 0, -1, 3.2592e-07, -1, -2.07197e-14, 2.69928e-05, 1.07087, -0.0173241)
bone_name = "Torso"
bone_idx = 1

[node name="Hitbox" parent="Skeleton3D/Torso" index="0" instance=ExtResource("2")]
transform = Transform3D(-1, 8.74228e-08, 3.2592e-07, -3.2592e-07, 4.9738e-14, -1, -8.74228e-08, -1, 2.84217e-14, 2.69048e-05, -0.0173241, 1.07087)
new_owner = NodePath(".")

[node name="Collision" type="CollisionShape3D" parent="Skeleton3D/Torso/Hitbox" index="4"]
transform = Transform3D(1, 9.28637e-21, 2.4847e-21, 8.61826e-21, 1, 0, -7.64274e-15, 0, 1, 1.48068e-07, -0.212602, -0.0101683)
shape = SubResource("2")

[node name="Foot-L" type="BoneAttachment3D" parent="Skeleton3D" index="3"]
transform = Transform3D(-1, 4.62344e-07, -8.9407e-08, 8.9407e-08, 6.84394e-08, -1, -4.62344e-07, -1, -6.84395e-08, -0.165445, 0.0788867, -0.0228544)
bone_name = "Foot-L"
bone_idx = 26

[node name="Hitbox" parent="Skeleton3D/Foot-L" index="0" instance=ExtResource("2")]
transform = Transform3D(-1, 8.9407e-08, -4.62344e-07, 4.62344e-07, 6.84395e-08, -1, -8.94069e-08, -1, -6.84395e-08, -0.165445, -0.0228543, 0.0788867)
tags = "Hitbox DamageMult:0.25"

[node name="Collision" type="CollisionShape3D" parent="Skeleton3D/Foot-L/Hitbox" index="4"]
transform = Transform3D(1, 0, 0, 0, 1, 0, 0, 0, 1, 0.013, 0.037, 0.055)
shape = SubResource("17")

[node name="LoLeg-L" type="BoneAttachment3D" parent="Skeleton3D" index="4"]
transform = Transform3D(-0.996195, 4.62344e-07, -0.0871538, 0.0871538, 6.84394e-08, -0.996195, -4.5462e-07, -1, -1.08474e-07, -0.130224, 0.506537, 0.0110523)
bone_name = "LoLeg-L"
bone_idx = 25

[node name="Hitbox" parent="Skeleton3D/LoLeg-L" index="0" instance=ExtResource("2")]
transform = Transform3D(-0.996195, 0.0871538, -4.5462e-07, 4.62344e-07, 6.84395e-08, -1, -0.0871538, -0.996195, -1.08474e-07, -0.173875, 0.0110523, 0.49326)
tags = "Hitbox DamageMult:0.5"

[node name="Collision" type="CollisionShape3D" parent="Skeleton3D/LoLeg-L/Hitbox" index="4"]
transform = Transform3D(0.999969, -0.0065573, 0.00438032, 0.0061359, 0.995911, 0.0901285, -0.00495341, -0.0900988, 0.995921, -0.00100002, 0.235, -0.021)
shape = SubResource("16")

[node name="UpLeg-L" type="BoneAttachment3D" parent="Skeleton3D" index="5"]
transform = Transform3D(-0.996195, 1.24463e-06, -0.0871538, 0.0871538, -2.44252e-13, -0.996195, -1.23989e-06, -1, -1.08474e-07, -0.115171, 0.905627, -0.00779293)
bone_name = "UpLeg-L"
bone_idx = 24

[node name="Hitbox" parent="Skeleton3D/UpLeg-L" index="0" instance=ExtResource("2")]
transform = Transform3D(-0.996195, 0.0871538, -1.23989e-06, 1.24463e-06, -1.77636e-13, -1, -0.0871538, -0.996195, -1.08474e-07, -0.193662, -0.00779279, 0.892143)
tags = "Hitbox DamageMult:0.5"

[node name="Collision" type="CollisionShape3D" parent="Skeleton3D/UpLeg-L/Hitbox" index="4"]
transform = Transform3D(0.999996, -0.000148468, -0.00289565, 5.23331e-05, 0.99945, -0.0331726, 0.00289898, 0.0331723, 0.999445, -0.022, 0.182, 0.007)
shape = SubResource("15")

[node name="Foot-R" type="BoneAttachment3D" parent="Skeleton3D" index="6"]
transform = Transform3D(-1, 6.52236e-08, -9.68575e-08, 9.68575e-08, 3.42198e-08, -1, -6.52237e-08, -1, -3.42199e-08, 0.164541, 0.0819719, -0.0193865)
bone_name = "Foot-R"
bone_idx = 22

[node name="Hitbox" parent="Skeleton3D/Foot-R" index="0" instance=ExtResource("2")]
transform = Transform3D(-1, 9.68576e-08, -6.52237e-08, 6.52237e-08, 3.42199e-08, -1, -9.68576e-08, -1, -3.42198e-08, 0.164541, -0.0193865, 0.081972)
tags = "Hitbox DamageMult:0.25"

[node name="Collision" type="CollisionShape3D" parent="Skeleton3D/Foot-R/Hitbox" index="4"]
transform = Transform3D(1, -9.20986e-23, 4.9738e-14, -4.34823e-21, 1, 0, -4.9738e-14, 0, 1, -0.0134692, 0.0374144, 0.0553734)
shape = SubResource("14")

[node name="LoLeg-R" type="BoneAttachment3D" parent="Skeleton3D" index="7"]
transform = Transform3D(-0.996195, 6.52236e-08, 0.0871537, -0.0871537, 3.42198e-08, -0.996195, -6.79579e-08, -1, -2.84052e-08, 0.129623, 0.506169, 0.0139172)
bone_name = "LoLeg-R"
bone_idx = 21

[node name="Hitbox" parent="Skeleton3D/LoLeg-R" index="0" instance=ExtResource("2")]
transform = Transform3D(-0.996195, -0.0871538, -6.79579e-08, 6.52237e-08, 3.42199e-08, -1, 0.0871538, -0.996195, -2.84051e-08, 0.173244, 0.0139172, 0.492946)
tags = "Hitbox DamageMult:0.5"

[node name="Collision" type="CollisionShape3D" parent="Skeleton3D/LoLeg-R/Hitbox" index="4"]
transform = Transform3D(0.999974, 0.00576633, 0.00438672, -0.00613824, 0.995911, 0.090133, -0.00384905, -0.0901576, 0.99592, 0.00119205, 0.235038, -0.020776)
shape = SubResource("13")

[node name="UpLeg-R" type="BoneAttachment3D" parent="Skeleton3D" index="8"]
transform = Transform3D(-0.996195, -3.2592e-07, 0.0871537, -0.0871537, -1.85661e-15, -0.996195, 3.2468e-07, -1, -2.84052e-08, 0.11913, 0.897936, -0.00643601)
bone_name = "UpLeg-R"
bone_idx = 20

[node name="Hitbox" parent="Skeleton3D/UpLeg-R" index="0" instance=ExtResource("2")]
transform = Transform3D(-0.996195, -0.0871538, 3.2468e-07, -3.2592e-07, 5.68434e-14, -1, 0.0871538, -0.996195, -2.84051e-08, 0.196935, -0.00643597, 0.884137)
tags = "Hitbox DamageMult:0.5"

[node name="Collision" type="CollisionShape3D" parent="Skeleton3D/UpLeg-R/Hitbox" index="4"]
transform = Transform3D(0.999996, -4.8168e-05, -0.00290194, -4.81156e-05, 0.99945, -0.0331694, 0.00290194, 0.0331694, 0.999445, 0.0217799, 0.18194, 0.00664775)
shape = SubResource("12")

[node name="Hand-L" type="BoneAttachment3D" parent="Skeleton3D" index="9"]
transform = Transform3D(0.951057, 3.2592e-07, -0.309017, -0.309017, 1.77636e-14, -0.951057, -3.09968e-07, 1, 1.00715e-07, -0.467092, 0.884827, 0.0048332)
bone_name = "Hand-L"
bone_idx = 19

[node name="Hitbox" parent="Skeleton3D/Hand-L" index="0" instance=ExtResource("2")]
transform = Transform3D(0.951057, -0.309017, -3.09968e-07, 3.2592e-07, -3.55271e-14, 1, -0.309017, -0.951057, 1.00715e-07, 0.717657, -0.00483304, 0.697182)
tags = "Hitbox DamageMult:0.25"

[node name="Collision" type="CollisionShape3D" parent="Skeleton3D/Hand-L/Hitbox" index="4"]
transform = Transform3D(1, 0, 0, 0, 1, 0, 0, 0, 1, -0.00400004, 0.069, 2.1423e-11)
shape = SubResource("11")

[node name="LoArm-L" type="BoneAttachment3D" parent="Skeleton3D" index="10"]
transform = Transform3D(-0.951057, -3.2592e-07, -0.309017, 0.309017, -1.06581e-14, -0.951057, 3.09968e-07, -1, 1.00715e-07, -0.358719, 1.17294, -0.00249002)
bone_name = "LoArm-L"
bone_idx = 18

[node name="Hitbox" parent="Skeleton3D/LoArm-L" index="0" instance=ExtResource("2")]
transform = Transform3D(-0.951057, 0.309017, 3.09968e-07, -3.2592e-07, 4.26326e-14, -1, -0.309017, -0.951057, 1.00715e-07, -0.703621, -0.00249014, 1.00469)
tags = "Hitbox DamageMult:0.5"

[node name="Collision" type="CollisionShape3D" parent="Skeleton3D/LoArm-L/Hitbox" index="4"]
transform = Transform3D(0.997524, 0.0621228, -0.032957, -0.0658259, 0.98975, -0.126736, 0.0247461, 0.128591, 0.991389, -0.011, 0.162, -0.015)
shape = SubResource("10")

[node name="UpArm-L" type="BoneAttachment3D" parent="Skeleton3D" index="11"]
transform = Transform3D(-0.951057, -3.2592e-07, -0.309017, 0.309017, -3.55271e-15, -0.951057, 3.09968e-07, -1, 1.00715e-07, -0.236329, 1.45689, -0.0256772)
bone_name = "UpArm-L"
bone_idx = 17

[node name="Hitbox" parent="Skeleton3D/UpArm-L" index="0" instance=ExtResource("2")]
transform = Transform3D(-0.951057, 0.309017, 3.09968e-07, -3.2592e-07, 4.9738e-14, -1, -0.309017, -0.951057, 1.00715e-07, -0.674965, -0.0256773, 1.31255)
tags = "Hitbox DamageMult:0.5"

[node name="Collision" type="CollisionShape3D" parent="Skeleton3D/UpArm-L/Hitbox" index="4"]
transform = Transform3D(0.990266, 0.13919, 0, -0.13919, 0.990266, 0, 1.24345e-14, -7.10543e-15, 1, -0.0189999, 0.095, 1.00806e-09)
shape = SubResource("9")

[node name="Hand-R" type="BoneAttachment3D" parent="Skeleton3D" index="12"]
transform = Transform3D(-0.948324, 1.16347e-06, 0.317305, -0.317305, 4.98343e-07, -0.948324, -1.26147e-06, -1, -1.03416e-07, 0.470175, 0.893861, 0.0111459)
bone_name = "Hand-R"
bone_idx = 15

[node name="Hitbox" parent="Skeleton3D/Hand-R" index="0" instance=ExtResource("2")]
transform = Transform3D(-0.948323, -0.317305, -1.26147e-06, 1.16347e-06, 4.98343e-07, -1, 0.317305, -0.948323, -1.03416e-07, 0.729504, 0.0111449, 0.698481)
tags = "Hitbox DamageMult:0.25"

[node name="Collision" type="CollisionShape3D" parent="Skeleton3D/Hand-R/Hitbox" index="4"]
transform = Transform3D(1, -4.03897e-28, -3.55271e-15, -8.07794e-28, 1, 7.10543e-15, 6.77626e-21, 7.10543e-15, 1, 0.00400838, 0.0685644, 2.00829e-08)
shape = SubResource("8")

[node name="LoArm-R" type="BoneAttachment3D" parent="Skeleton3D" index="13"]
transform = Transform3D(-0.948324, -3.2592e-07, 0.317305, -0.317305, -7.84401e-15, -0.948324, 3.09078e-07, -1, -1.03416e-07, 0.360486, 1.18607, -0.000182265)
bone_name = "LoArm-R"
bone_idx = 14

[node name="Hitbox" parent="Skeleton3D/LoArm-R" index="0" instance=ExtResource("2")]
transform = Transform3D(-0.948323, -0.317305, 3.09077e-07, -3.2592e-07, 5.68434e-14, -1, 0.317305, -0.948323, -1.03416e-07, 0.718204, -0.000182148, 1.0104)
tags = "Hitbox DamageMult:0.5"

[node name="Collision" type="CollisionShape3D" parent="Skeleton3D/LoArm-R/Hitbox" index="4"]
transform = Transform3D(0.996966, -0.0705284, -0.0329505, 0.0658293, 0.98975, -0.126738, 0.0415514, 0.124184, 0.991389, 0.0106147, 0.162134, -0.0153592)
shape = SubResource("7")

[node name="UpArm-R" type="BoneAttachment3D" parent="Skeleton3D" index="14"]
transform = Transform3D(-0.948324, -3.2592e-07, 0.317305, -0.317305, -6.70396e-15, -0.948324, 3.09078e-07, -1, -1.03416e-07, 0.229288, 1.45689, -0.0256774)
bone_name = "UpArm-R"
bone_idx = 13

[node name="Hitbox" parent="Skeleton3D/UpArm-R" index="0" instance=ExtResource("2")]
transform = Transform3D(-0.948323, -0.317305, 3.09077e-07, -3.2592e-07, 2.13163e-14, -1, 0.317305, -0.948323, -1.03416e-07, 0.679717, -0.0256773, 1.30885)
tags = "Hitbox DamageMult:0.5"

[node name="Collision" type="CollisionShape3D" parent="Skeleton3D/UpArm-R/Hitbox" index="4"]
transform = Transform3D(0.990267, -0.139185, -2.31947e-08, 0.139185, 0.990267, -4.09716e-08, 2.86714e-08, 3.73446e-08, 1, 0.0190169, 0.0954772, 8.41692e-09)
shape = SubResource("6")

[node name="Head" type="BoneAttachment3D" parent="Skeleton3D" index="15"]
transform = Transform3D(-1, -3.25153e-07, -8.74228e-08, 8.74228e-08, -6.70433e-17, -1, 3.25153e-07, -1, -2.07197e-14, 6.7998e-05, 1.63115, -0.00127343)
bone_name = "Head"
bone_idx = 3

[node name="Hitbox" parent="Skeleton3D/Head" index="0" instance=ExtResource("2")]
transform = Transform3D(-1, 8.74228e-08, 3.25153e-07, -3.25153e-07, 4.9738e-14, -1, -8.74228e-08, -1, 2.84217e-14, 6.78558e-05, -0.00127343, 1.63115)
new_owner = NodePath(".")
tags = "Hitbox DamageMult:10.0"

[node name="Collision" type="CollisionShape3D" parent="Skeleton3D/Head/Hitbox" index="4"]
transform = Transform3D(1, 0, 0, 0, 1, 0, 0, 0, 1, 1.58398e-08, -0.123415, 0.0154985)
shape = SubResource("5")

[node name="Neck" type="BoneAttachment3D" parent="Skeleton3D" index="16"]
transform = Transform3D(-1, -3.2592e-07, -8.74228e-08, 8.74228e-08, 0, -1, 3.2592e-07, -1, -2.07197e-14, 2.69915e-05, 1.58565, -0.0211924)
bone_name = "Neck"
bone_idx = 2

[node name="Hitbox" parent="Skeleton3D/Neck" index="0" instance=ExtResource("2")]
transform = Transform3D(-1, 8.74228e-08, 3.2592e-07, -3.2592e-07, 4.9738e-14, -1, -8.74228e-08, -1, 2.84217e-14, 2.68598e-05, -0.0211924, 1.58565)
new_owner = NodePath(".")
tags = "Hitbox DamageMult:10.0"

[node name="Collision" type="CollisionShape3D" parent="Skeleton3D/Neck/Hitbox" index="4"]
transform = Transform3D(1, 0, 0, 0, 1, 0, 0, 0, 1, 1.36606e-09, 3.66148e-10, 0.00418824)
shape = SubResource("4")

[node name="Shoulders" type="BoneAttachment3D" parent="Skeleton3D" index="17"]
transform = Transform3D(-1, -3.2592e-07, -8.74228e-08, 8.74228e-08, 0, -1, 3.2592e-07, -1, -2.07197e-14, 2.70001e-05, 1.51253, 0.00517365)
bone_name = "shoulders"
bone_idx = 4

[node name="Hitbox" parent="Skeleton3D/Shoulders" index="0" instance=ExtResource("2")]
transform = Transform3D(-1, 8.74228e-08, 3.2592e-07, -3.2592e-07, 4.9738e-14, -1, -8.74228e-08, -1, 2.84217e-14, 2.68662e-05, 0.00517365, 1.51253)
new_owner = NodePath(".")

[node name="Collision" type="CollisionShape3D" parent="Skeleton3D/Shoulders/Hitbox" index="4"]
transform = Transform3D(1, 0, 0, 0, 1, 0, 0, 0, 1, 1.2232e-07, -0.0219386, -0.0380383)
shape = SubResource("3")
